{
  "m6_relation_count_matrix": [
    [
      33,
      12,
      8,
      24,
      30,
      32
    ],
    [
      12,
      16,
      4,
      12,
      12,
      20
    ],
    [
      8,
      4,
      14,
      22,
      8,
      20
    ],
    [
      24,
      12,
      22,
      86,
      32,
      64
    ],
    [
      30,
      12,
      8,
      32,
      44,
      44
    ],
    [
      32,
      20,
      20,
      64,
      44,
      104
    ]
  ],
  "object_labels": [
    "B-",
    "B+",
    "V-",
    "V+",
    "S-",
    "S+"
  ],
  "schema": "d20.a985_weighted_stack_series.v27.weight_sources",
  "source_hashes": {
    "M.npy_payload": "dc93676f23193afed1832befcb43d6a913a483a9ddd090b489b1a47c81c12282",
    "T_985.npz": "5d638460422d790ec2e959795d8ca8e7f7beb012879fcb87d7c5d10a1702152d",
    "reps.npy_payload": "82b567cdbac63ea689eaf89f9348c38d1ddf51873fbf138f189f056c8f1cfa17",
    "triples.npy_payload": "32b854858ff292cd526a271b81af60aa71b17d7f2fa12697bd7b5bcb5cb01ff6"
  },
  "source_npz": "data/raw/T_985.npz",
  "t985_output_coefficient_mass_matrix": [
    [
      85008,
      30912,
      20608,
      61824,
      77280,
      82432
    ],
    [
      30912,
      41216,
      10304,
      30912,
      30912,
      51520
    ],
    [
      20608,
      10304,
      36064,
      56672,
      20608,
      51520
    ],
    [
      61824,
      30912,
      56672,
      221536,
      82432,
      164864
    ],
    [
      77280,
      30912,
      20608,
      82432,
      113344,
      113344
    ],
    [
      82432,
      51520,
      51520,
      164864,
      113344,
      267904
    ]
  ],
  "t985_output_mass_normalized_by_point_fiber": [
    [
      33,
      12,
      8,
      24,
      30,
      32
    ],
    [
      12,
      16,
      4,
      12,
      12,
      20
    ],
    [
      8,
      4,
      14,
      22,
      8,
      20
    ],
    [
      24,
      12,
      22,
      86,
      32,
      64
    ],
    [
      30,
      12,
      8,
      32,
      44,
      44
    ],
    [
      32,
      20,
      20,
      64,
      44,
      104
    ]
  ],
  "tensor_metadata": {
    "coefficient_max": 64,
    "coefficient_min": 1,
    "coefficient_total": 2537360,
    "composability_failures": 0,
    "gamma_collapses_to_point_fiber_m6": true,
    "point_fiber": 2576,
    "raw_tensor_min_positive_weight": 10304,
    "relation_count": 985,
    "support": 1414965
  }
}